2.765566
2.913231
3.389092
3.864376
4.341984
4.813197
5.182256
5.275555
5.760272
6.236281
6.569648
6.706791
7.185702
7.651916
8.027789
8.136995
8.477006
8.619229
9.077823
9.435714
9.574308
10.050317
10.392233
10.529376
10.998412
11.480226
11.959138
12.431814
12.795351
12.902743
13.382811
13.860272
14.196961
14.337732
14.814909
15.28221
15.76721
16.129591
48.069365
48.65712
51.717947
55.531825
59.315079
59.78238
63.850736
64.107607
64.568594
65.053015
65.526122
66.00068
66.480453
66.953559
67.438219
67.917857
68.36339
68.860871
69.345158
69.815
70.296451
70.768832
71.24738
71.723027
72.196496
72.673231
73.153594
73.599126
74.104886
74.576179
75.058356
75.529648
76.013639
76.486746
76.962029
77.43695
77.915136
78.390782
78.867879
79.343163
79.781587
80.294455
80.769376
81.247562
81.725385
82.202482
82.680668
83.157766
83.631235
84.102165
84.578537
85.05382
85.523718
86.00263
86.481541
86.963356
87.439365
87.912471
88.385578
88.864489
89.342619
89.816814
90.295
90.768469
91.251009
91.723752
92.195986
92.665464
93.147426
93.637222
101.960487
109.091972
109.566258
112.667845
116.47882
120.290464
156.484716
156.484716
156.96090647619
157.43709695238
157.91328742857
158.38947790475999
158.86566838094998
159.34185885713998
159.81804933332998
160.29423980951998
160.77043028571
161.2466207619
161.72281123809
162.19900171428
162.67519219047
163.15138266666
163.62757314285
164.10376361904
164.57995409523
165.05614457142
165.53233504761
166.0085255238
166.48471599999
166.96090647617999
167.43709695236998
167.91328742855998
168.38947790474998
168.86566838093998
169.34185885712998
169.81804933332
170.29423980951
170.7704302857
171.213786
171.72281123808
172.19900171427
172.67519219046
173.15138266665
173.62757314284
174.10376361903
174.57995409522
175.05614457141
175.5323350476
176.00852552378998
176.48471599997998
176.96090647616998
177.43709695235998
177.91328742855
178.38947790473998
178.86566838093
179.34185885712
179.81804933331
180.2942398095
180.77043028569
181.24662076188
181.72281123807
182.19900171426
182.67519219045
183.15138266664
183.62757314283
184.10376361902
184.57995409520998
185.05614457139998
185.53233504758998
186.00852552377998
186.48471599996998
186.96090647616
187.43709695234998
187.91328742854
188.38947790473
188.86566838092
189.34185885711
189.8180493333
190.29423980949
190.77043028568
191.24662076187
191.72281123806
192.19900171425
192.67519219044
193.15138266662998
193.62757314281998
194.10376361900998
194.57995409519998
195.05614457139
195.53233504757998
196.00852552377
196.48471599995997
196.96090647615
197.43709695234
197.91328742853
198.38947790472
198.86566838091
199.3418588571
199.81804933329
200.29423980948
200.77043028567
201.24662076186
201.72281123804999
202.19900171423998
202.67519219042998
203.15138266661998
203.62757314280998
204.10376361899998
204.57995409518998
205.05614457137997
205.53233504756997
206.00852552375997
206.48471599994997
206.96090647613997
207.43709695232997
207.91328742852
208.38947790471
208.8656683809
209.34185885709
209.81804933328
210.29423980946999
210.77043028565998
211.24662076184998
211.72281123803998
212.19900171422998
212.67519219041998
213.15138266660998
213.62757314279997
214.10376361898997
214.57995409517997
215.05614457136997
215.53233504755997
