0
25.767333
26.957666
27.669999
28.862667000000002
29.576667
30.767333
31.480001
32.672
32.909999
33.386333
33.862334999999995
34.338333
34.811668
35.291
35.767333
36.243334999999995
36.719665
37.195667
37.672
38.148334
38.624331999999995
39.100665
39.576999
40.053000999999995
40.528999
41.005331999999996
41.481666
41.957668
42.909999
43.386001
43.862334999999995
44.338668
44.814665999999995
45.291
45.767333
46.243334999999995
46.719665
47.195667
47.672
48.147997999999994
48.622333
49.814665999999995
50.525000999999996
51.957668
52.431999
53.624331999999995
54.098997999999995
55.765665999999996
56.243334999999995
56.719665
57.195667
57.672
58.145331999999996
58.622665
59.100665
59.575331999999996
59.811332
63.860668
64.33908
64.811462
65.28633400000001
65.769
66.24033700000001
66.71966900000001
67.194332
67.67200000000001
68.152233
68.62433200000001
69.101337
69.57666300000001
70.052641
70.527332
71.003665
71.479999
71.95466900000001
72.43666400000001
72.910663
73.38467
73.85667000000001
74.34099900000001
74.818668
75.291004
75.766002
76.243335
76.720996
77.195667
77.672664
78.147998
78.625003
79.100665
79.577902
80.052997
80.53000200000001
81.005336
81.477001
81.95599700000001
82.432331
82.909999
83.38566900000001
83.862331
84.328049
84.81467
85.293003
85.767002
86.242999
86.71966900000001
87.185702
87.668666
88.148998
88.624004
89.101337
89.57666300000001
90.28767
90.527332
91.006
91.481334
91.958667
92.433666
92.90533
93.152332
93.38367000000001
94.315374
94.814998
95.291004
95.767002
96.242
96.71966900000001
97.195667
97.67200000000001
98.147998
98.622669
99.100665
99.57666300000001
100.052997
100.529003
101.003665
101.956333
102.43400100000001
102.909999
103.38633300000001
103.862331
104.33866400000001
104.81467
105.291004
105.76566600000001
106.243335
106.718038
107.195667
109.094092
109.579334
110.767002
111.48033500000001
112.909999
113.38633300000001
114.57666300000001
115.05133400000001
116.71966900000001
117.19600200000001
117.669666
118.147998
118.62433200000001
119.100665
119.57666300000001
120.052997
120.529331
120.770102
124.81467
125.287334
125.52566900000001
125.767002
126.717675
127.682755
128.612969
129.09232699999998
129.594012
130.762996
131.124339
131.498809
132.434501
132.909999
133.14499999999998
133.401757
134.33233199999998
135.309421
136.243663
136.71599899999998
137.221655
138.383006
138.740993
139.106334
155.29099599999998
155.76699399999998
156.243328
156.705521
157.19565899999998
157.644036
158.15034
158.61966999999999
159.098995
159.580333
160.05300499999998
160.52833099999998
161.005336
161.47866399999998
161.95766799999998
162.42800499999998
162.909999
163.387004
163.86233099999998
164.338329
164.814662
165.288997
165.76602
166.243999
166.717998
167.19333999999998
167.671993
168.149693
168.624339
169.104671
169.57667099999998
170.047664
170.529338
170.993999
171.479671
171.95865999999998
172.432338
172.896643
173.38467
173.861659
174.338664
174.816643
175.288997
175.768001
176.243328
176.722131
177.195339
177.671337
178.14800599999998
178.614557
179.100337
179.578185
180.051006
180.531655
181.005336
181.48266199999998
181.955669
182.434673
182.909999
183.386258
183.86100299999998
184.33967199999998
184.812663
185.303356
185.765331
186.226349
186.719661
187.197002
187.671993
188.15200399999998
188.624339
189.096269
189.575664
190.057674
190.52733899999998
191.00600799999998
191.481334
191.958339
192.43200199999998
192.911006
193.38633299999998
193.863338
194.338664
194.81232799999998
195.29099599999998
195.768337
196.241664
196.720668
197.195339
197.671993
198.146007
198.62465999999998
199.09966599999998
199.577327
200.051326
200.52833099999998
201.00167399999998
201.48331
201.95766799999998
202.43332999999998
202.909999
203.387004
203.86233099999998
204.33633
204.81232799999998
205.291667
205.76433899999998
206.241664
206.719661
207.196666
207.669673
208.147517
208.624339
209.099535
209.57667099999998
210.05366099999998
210.529003
211.001995
211.481334
211.95200699999998
212.432338
212.90633699999998
213.383998
213.860997
214.338329
214.809993
215.289333
215.765839
227.594341
