1.962448
1.962811
2.120997
2.279546
2.438095
2.748662
3.385759
5.28399
7.074829
7.185124
9.086258
9.901859
11.003356
11.8117
12.913197
14.812154
48.383129
61.480272
61.730249
61.825668
61.886984
61.947936
62.319455
62.683718
62.796916
62.910113
62.989931
63.409705
63.525079
63.761269
64.281541
65.25678
66.20009
67.173877
68.115736
69.064852
70.024126
70.979047
71.922358
72.874376
73.842358
74.792925
75.73043
76.686802
77.640272
78.583582
80.491972
81.4556
82.407619
83.362539
84.311655
85.275283
86.229478
87.175328
88.12263
89.070294
90.026666
90.978684
91.930702
92.882721
101.488616
101.622131
101.848526
127.669478
129.574603
131.479727
133.382312
135.290702
137.191836
139.098412
154.819047
154.948208
155.189841
155.7678
156.70712
157.652607
158.608253
159.544308
160.514467
161.454149
162.417414
163.369433
164.316009
165.266575
166.212789
167.167709
168.119727
169.077551
170.020861
170.984489
171.926349
172.889977
173.834739
174.794013
175.746031
176.696598
177.648616
178.596281
179.543945
180.507573
181.45814
182.404353
183.367981
184.30839
185.289433
185.424399
185.665306
186.237097
187.173151
188.119365
189.069931
190.032108
190.979773
191.931791
192.891065
193.843083
194.796553
195.74712
196.691882
197.652607
198.603174
199.549387
200.504308
201.457777
202.408344
203.366167
204.309478
205.267301
206.22077
207.166984
208.124807
209.073922
210.033197
210.982312
211.937233
212.8878
213.841269
214.787482
215.762721
215.896235
216.124081