1.962448
1.962811
2.120997
2.279546
2.438095
2.748662
3.385759
5.28399
7.074829
7.185124
9.086258
9.901859
11.003356
11.8117
12.913197
14.812154
48.383129
61.480272
61.730249
61.825668
61.886984
61.947936
62.319455
62.683718
62.796916
62.910113
62.989931
63.409705
63.525079
63.761269
64.281541
65.25678
66.20009
67.173877
68.115736
69.064852
70.024126
70.979047
71.922358
72.874376
73.842358
74.792925
75.73043
76.686802
77.640272
78.583582
80.491972
81.4556
82.407619
83.362539
84.311655
85.275283
86.229478
87.175328
88.12263
89.070294
90.026666
90.978684
91.930702
92.882721